2052
1
11.0
4.0
7.0
0.0
1.0
1
Fast
0
0.0
0.0
1.0
1
0
1816
1
11.0
4.0
7.0
0.0
1.0
1
Fast
0
0.0
0.0
1.0
1
0
2502
1
11.0
4.0
7.0
0.0
1.0
1
Fast
0
0.0
0.0
1.0
1
0
6045
1
11.0
4.0
7.0
0.0
1.0
1
Fast
0
0.0
0.0
1.0
1
0
4607
1
11.0
4.0
7.0
0.0
1.0
1
Fast
0
0.0
0.0
1.0
1
0
97
1
11.0
4.0
7.0
0.0
1.0
1
Fast
0
0.0
0.0
1.0
1
0
3297
1
11.0
4.0
7.0
0.0
1.0
1
Fast
0
0.0
0.0
1.0
1
0
2897
1
11.0
4.0
7.0
0.0
1.0
1
Fast
0
0.0
0.0
1.0
1
0
2847
1
11.0
4.0
7.0
0.0
1.0
1
Fast
0
0.0
0.0
1.0
1
0
5913
1
11.0
4.0
7.0
0.0
1.0
1
Fast
0
0.0
0.0
1.0
1
0
3100
1
11.0
4.0
7.0
0.0
1.0
1
Fast
0
0.0
0.0
1.0
1
0
3630
1
11.0
4.0
7.0
0.0
1.0
1
Fast
0
0.0
0.0
1.0
1
0
8088
1
11.0
4.0
7.0
0.0
1.0
1
Fast
0
0.0
0.0
1.0
1
0
8234
1
11.0
4.0
7.0
0.0
1.0
1
Fast
0
0.0
0.0
1.0
1
0
